Signal entries: 2147
Background entries: 68591
DataSetInfo              : [dataset] : Added class "Signal"
                         : Add Tree nominal of type Signal with 2147 events
DataSetInfo              : [dataset] : Added class "Background"
                         : Add Tree nominal of type Background with 68591 events
Factory                  : Booking method: [1mBDT[0m
                         : 
                         : Rebuilding Dataset dataset
                         : Building event vectors for type 2 Signal
                         : Dataset[dataset] :  create input formulas for tree nominal
                         : Building event vectors for type 2 Background
                         : Dataset[dataset] :  create input formulas for tree nominal
DataSetFactory           : [dataset] : Number of events in input trees
                         : Dataset[dataset] :     Signal     requirement: "metsig<=16"
                         : Dataset[dataset] :     Signal          -- number of events passed: 2136   / sum of weights: 216.165
                         : Dataset[dataset] :     Signal          -- efficiency             : 0.995563
                         : Dataset[dataset] :     Background requirement: "metsig<=16"
                         : Dataset[dataset] :     Background      -- number of events passed: 52035  / sum of weights: 4866.69
                         : Dataset[dataset] :     Background      -- efficiency             : 0.962178
                         : Dataset[dataset] :  you have opted for interpreting the requested number of training/testing events
                         :  to be the number of events AFTER your preselection cuts
                         : 
                         : Dataset[dataset] :  you have opted for interpreting the requested number of training/testing events
                         :  to be the number of events AFTER your preselection cuts
                         : 
                         : Dataset[dataset] : Weight renormalisation mode: "EqualNumEvents": renormalises all event classes ...
                         : Dataset[dataset] :  such that the effective (weighted) number of events in each class is the same 
                         : Dataset[dataset] :  (and equals the number of events (entries) given for class=0 )
                         : Dataset[dataset] : ... i.e. such that Sum[i=1..N_j]{w_i} = N_classA, j=classA, classB, ...
                         : Dataset[dataset] : ... (note that N_j is the sum of TRAINING events
                         : Dataset[dataset] :  ..... Testing events are not renormalised nor included in the renormalisation factor!)
                         : Number of training and testing events
                         : ---------------------------------------------------------------------------
                         : Signal     -- training events            : 1068
                         : Signal     -- testing events             : 1068
                         : Signal     -- training and testing events: 2136
                         : Dataset[dataset] : Signal     -- due to the preselection a scaling factor has been applied to the numbers of requested events: 0.994877
                         : Background -- training events            : 26017
                         : Background -- testing events             : 26017
                         : Background -- training and testing events: 52034
                         : Dataset[dataset] : Background -- due to the preselection a scaling factor has been applied to the numbers of requested events: 0.758627
                         : 
DataSetInfo              : Correlation matrix (Signal):
                         : -----------------------------------------------------------------------------------------------------------------------------------------------------------------------------------------------------------------------------------------------------------------------------------------------------------------------------------------
                         :                        metsig metsigres     met met_noJVT    dmet   ph_pt  ph_eta  ph_phi jet_central_eta jet_central_pt1 jet_central_pt2 dphi_met_phterm dphi_met_ph dphi_met_jetterm dphi_phterm_jetterm dphi_ph_centraljet1 metplusph failJVT_jet_pt1 softerm jetterm n_jet_central jetterm_sumet dphi_met_central_jet balance dphi_jj
                         :               metsig:  +1.000    +0.256  +0.713    +0.707  -0.066  -0.086  -0.050  +0.053          -0.021          +0.389          +0.099          +0.264      -0.264           -0.549              +0.030              -0.022    +0.441          -0.016  +0.005  +0.431        -0.056        +0.338               -0.019  -0.024  -0.070
                         :            metsigres:  +0.256    +1.000  +0.843    +0.842  -0.014  +0.344  -0.050  -0.008          +0.009          +0.649          +0.340          +0.638      -0.638           -0.713              +0.386              +0.012    +0.787          +0.095  +0.003  +0.796        +0.290        +0.817               +0.013  +0.004  +0.184
                         :                  met:  +0.713    +0.843  +1.000    +0.995  -0.049  +0.206  -0.062  +0.026          -0.002          +0.692          +0.291          +0.589      -0.589           -0.767              +0.300              +0.000    +0.813          +0.046  -0.011  +0.813        +0.167        +0.770               +0.002  -0.007  +0.087
                         :            met_noJVT:  +0.707    +0.842  +0.995    +1.000  +0.047  +0.210  -0.061  +0.030          -0.002          +0.692          +0.285          +0.589      -0.589           -0.763              +0.303              +0.000    +0.812          +0.078  -0.004  +0.811        +0.162        +0.770               +0.002  -0.007  +0.085
                         :                 dmet:  -0.066    -0.014  -0.049    +0.047  +1.000  +0.036  +0.012  +0.034          +0.003          -0.002          -0.063          +0.003      -0.003           +0.039              +0.023              +0.003    -0.013          +0.332  +0.069  -0.020        -0.046        -0.006               +0.002  +0.004  -0.021
                         :                ph_pt:  -0.086    +0.344  +0.206    +0.210  +0.036  +1.000  -0.066  -0.002          +0.009          +0.665          +0.184          +0.645      -0.645           -0.002              +0.755              +0.019    +0.738          +0.026  -0.009  +0.723        +0.080        +0.649               +0.008  +0.004  +0.057
                         :               ph_eta:  -0.050    -0.050  -0.062    -0.061  +0.012  -0.066  +1.000  +0.015          -0.038          -0.088          -0.003          -0.058      +0.058           +0.043              -0.046              -0.040    -0.082          -0.014  +0.017  -0.083        +0.069        -0.039               -0.040  -0.039  +0.051
                         :               ph_phi:  +0.053    -0.008  +0.026    +0.030  +0.034  -0.002  +0.015  +1.000          -0.018          +0.022          +0.001          -0.005      +0.005           +0.001              -0.006              -0.019    +0.017          -0.014  +0.019  +0.013        +0.001        +0.018               -0.020  -0.019  -0.010
                         :      jet_central_eta:  -0.021    +0.009  -0.002    -0.002  +0.003  +0.009  -0.038  -0.018          +1.000          +0.038          +0.018          +0.023      -0.023           +0.001              +0.027              +0.998    +0.004          +0.007  +0.015  +0.007        +0.037        +0.010               +0.998  +0.998  +0.026
                         :      jet_central_pt1:  +0.389    +0.649  +0.692    +0.692  -0.002  +0.665  -0.088  +0.022          +0.038          +1.000          +0.017          +0.713      -0.713           -0.453              +0.605              +0.044    +0.873          +0.034  -0.074  +0.881        -0.070        +0.804               +0.039  +0.028  -0.115
                         :      jet_central_pt2:  +0.099    +0.340  +0.291    +0.285  -0.063  +0.184  -0.003  +0.001          +0.018          +0.017          +1.000          +0.291      -0.291           -0.243              +0.217              +0.021    +0.311          -0.005  +0.069  +0.309        +0.620        +0.451               +0.018  +0.012  +0.680
                         :      dphi_met_phterm:  +0.264    +0.638  +0.589    +0.589  +0.003  +0.645  -0.058  -0.005          +0.023          +0.713          +0.291          +1.000      -1.000           -0.531              +0.902              +0.033    +0.790          +0.027  -0.005  +0.833        +0.137        +0.762               +0.023  +0.014  +0.092
                         :          dphi_met_ph:  -0.264    -0.638  -0.589    -0.589  -0.003  -0.645  +0.058  +0.005          -0.023          -0.713          -0.291          -1.000      +1.000           +0.531              -0.902              -0.033    -0.790          -0.027  +0.005  -0.833        -0.137        -0.762               -0.023  -0.014  -0.092
                         :     dphi_met_jetterm:  -0.549    -0.713  -0.767    -0.763  +0.039  -0.002  +0.043  +0.001          +0.001          -0.453          -0.243          -0.531      +0.531           +1.000              -0.114              +0.002    -0.530          -0.031  -0.011  -0.568        -0.151        -0.540               -0.004  +0.007  -0.110
                         :  dphi_phterm_jetterm:  +0.030    +0.386  +0.300    +0.303  +0.023  +0.755  -0.046  -0.006          +0.027          +0.605          +0.217          +0.902      -0.902           -0.114              +1.000              +0.040    +0.657          +0.016  -0.011  +0.688        +0.084        +0.619               +0.025  +0.020  +0.052
                         :  dphi_ph_centraljet1:  -0.022    +0.012  +0.000    +0.000  +0.003  +0.019  -0.040  -0.019          +0.998          +0.044          +0.021          +0.033      -0.033           +0.002              +0.040              +1.000    +0.011          +0.009  +0.015  +0.014        +0.042        +0.017               +1.000  +1.000  +0.027
                         :            metplusph:  +0.441    +0.787  +0.813    +0.812  -0.013  +0.738  -0.082  +0.017          +0.004          +0.873          +0.311          +0.790      -0.790           -0.530              +0.657              +0.011    +1.000          +0.047  -0.013  +0.991        +0.163        +0.918               +0.006  -0.002  +0.094
                         :      failJVT_jet_pt1:  -0.016    +0.095  +0.046    +0.078  +0.332  +0.026  -0.014  -0.014          +0.007          +0.034          -0.005          +0.027      -0.027           -0.031              +0.016              +0.009    +0.047          +1.000  +0.065  +0.045        +0.003        +0.050               +0.008  +0.009  -0.021
                         :              softerm:  +0.005    +0.003  -0.011    -0.004  +0.069  -0.009  +0.017  +0.019          +0.015          -0.074          +0.069          -0.005      +0.005           -0.011              -0.011              +0.015    -0.013          +0.065  +1.000  -0.053        +0.127        -0.019               +0.014  +0.014  +0.074
                         :              jetterm:  +0.431    +0.796  +0.813    +0.811  -0.020  +0.723  -0.083  +0.013          +0.007          +0.881          +0.309          +0.833      -0.833           -0.568              +0.688              +0.014    +0.991          +0.045  -0.053  +1.000        +0.156        +0.923               +0.009  -0.000  +0.092
                         :        n_jet_central:  -0.056    +0.290  +0.167    +0.162  -0.046  +0.080  +0.069  +0.001          +0.037          -0.070          +0.620          +0.137      -0.137           -0.151              +0.084              +0.042    +0.163          +0.003  +0.127  +0.156        +1.000        +0.325               +0.041  +0.036  +0.775
                         :        jetterm_sumet:  +0.338    +0.817  +0.770    +0.770  -0.006  +0.649  -0.039  +0.018          +0.010          +0.804          +0.451          +0.762      -0.762           -0.540              +0.619              +0.017    +0.918          +0.050  -0.019  +0.923        +0.325        +1.000               +0.011  +0.003  +0.203
                         : dphi_met_central_jet:  -0.019    +0.013  +0.002    +0.002  +0.002  +0.008  -0.040  -0.020          +0.998          +0.039          +0.018          +0.023      -0.023           -0.004              +0.025              +1.000    +0.006          +0.008  +0.014  +0.009        +0.041        +0.011               +1.000  +1.000  +0.027
                         :              balance:  -0.024    +0.004  -0.007    -0.007  +0.004  +0.004  -0.039  -0.019          +0.998          +0.028          +0.012          +0.014      -0.014           +0.007              +0.020              +1.000    -0.002          +0.009  +0.014  -0.000        +0.036        +0.003               +1.000  +1.000  +0.022
                         :              dphi_jj:  -0.070    +0.184  +0.087    +0.085  -0.021  +0.057  +0.051  -0.010          +0.026          -0.115          +0.680          +0.092      -0.092           -0.110              +0.052              +0.027    +0.094          -0.021  +0.074  +0.092        +0.775        +0.203               +0.027  +0.022  +1.000
                         : -----------------------------------------------------------------------------------------------------------------------------------------------------------------------------------------------------------------------------------------------------------------------------------------------------------------------------------------
DataSetInfo              : Correlation matrix (Background):
                         : -----------------------------------------------------------------------------------------------------------------------------------------------------------------------------------------------------------------------------------------------------------------------------------------------------------------------------------------
                         :                        metsig metsigres     met met_noJVT    dmet   ph_pt  ph_eta  ph_phi jet_central_eta jet_central_pt1 jet_central_pt2 dphi_met_phterm dphi_met_ph dphi_met_jetterm dphi_phterm_jetterm dphi_ph_centraljet1 metplusph failJVT_jet_pt1 softerm jetterm n_jet_central jetterm_sumet dphi_met_central_jet balance dphi_jj
                         :               metsig:  +1.000    +0.111  +0.699    +0.698  +0.040  +0.090  +0.027  +0.076          -0.014          +0.351          +0.084          +0.016      -0.016           -0.285              -0.113              -0.013    +0.507          -0.009  +0.023  +0.428        -0.006        +0.259               -0.011  -0.011  -0.069
                         :            metsigres:  +0.111    +1.000  +0.772    +0.766  -0.005  +0.292  +0.010  +0.032          -0.006          +0.599          +0.346          +0.444      -0.444           -0.560              +0.234              -0.004    +0.679          +0.103  +0.018  +0.698        +0.321        +0.759               -0.003  -0.007  +0.254
                         :                  met:  +0.699    +0.772  +1.000    +0.995  +0.020  +0.253  +0.021  +0.063          -0.011          +0.656          +0.297          +0.334      -0.335           -0.584              +0.102              -0.009    +0.802          +0.062  +0.027  +0.773        +0.220        +0.701               -0.007  -0.010  +0.133
                         :            met_noJVT:  +0.698    +0.766  +0.995    +1.000  +0.118  +0.254  +0.021  +0.066          -0.013          +0.652          +0.295          +0.332      -0.332           -0.577              +0.102              -0.010    +0.800          +0.086  +0.027  +0.769        +0.218        +0.696               -0.009  -0.012  +0.131
                         :                 dmet:  +0.040    -0.005  +0.020    +0.118  +1.000  +0.031  +0.001  +0.035          -0.018          +0.010          -0.007          -0.003      +0.003           +0.031              +0.011              -0.017    +0.032          +0.250  -0.006  +0.019        -0.007        -0.004               -0.017  -0.017  -0.010
                         :                ph_pt:  +0.090    +0.292  +0.253    +0.254  +0.031  +1.000  +0.004  +0.082          +0.008          +0.674          +0.256          +0.525      -0.525           +0.159              +0.655              +0.015    +0.780          +0.072  +0.065  +0.769        +0.135        +0.654               +0.010  +0.009  +0.079
                         :               ph_eta:  +0.027    +0.010  +0.021    +0.021  +0.001  +0.004  +1.000  +0.071          +0.002          -0.016          +0.055          +0.043      -0.043           -0.033              +0.033              +0.006    +0.016          +0.045  +0.110  +0.020        +0.078        +0.001               +0.007  +0.006  +0.052
                         :               ph_phi:  +0.076    +0.032  +0.063    +0.066  +0.035  +0.082  +0.071  +1.000          +0.000          +0.029          +0.053          +0.075      -0.075           -0.022              +0.073              +0.003    +0.091          +0.032  +0.032  +0.089        +0.069        +0.045               +0.002  +0.003  +0.024
                         :      jet_central_eta:  -0.014    -0.006  -0.011    -0.013  -0.018  +0.008  +0.002  +0.000          +1.000          +0.071          +0.030          -0.009      +0.009           +0.017              -0.003              +0.999    -0.002          -0.010  +0.002  -0.003        +0.067        +0.008               +0.999  +0.999  +0.046
                         :      jet_central_pt1:  +0.351    +0.599  +0.656    +0.652  +0.010  +0.674  -0.016  +0.029          +0.071          +1.000          +0.077          +0.588      -0.588           -0.320              +0.504              +0.076    +0.840          +0.063  -0.047  +0.866        -0.008        +0.787               +0.074  +0.067  -0.043
                         :      jet_central_pt2:  +0.084    +0.346  +0.297    +0.295  -0.007  +0.256  +0.055  +0.053          +0.030          +0.077          +1.000          +0.211      -0.211           -0.093              +0.191              +0.034    +0.350          +0.088  +0.085  +0.337        +0.650        +0.529               +0.033  +0.029  +0.680
                         :      dphi_met_phterm:  +0.016    +0.444  +0.334    +0.332  -0.003  +0.525  +0.043  +0.075          -0.009          +0.588          +0.211          +1.000      -1.000           -0.432              +0.910              -0.001    +0.540          +0.027  -0.006  +0.672        +0.120        +0.537               -0.006  -0.011  +0.102
                         :          dphi_met_ph:  -0.016    -0.444  -0.335    -0.332  +0.003  -0.525  -0.043  -0.075          +0.009          -0.588          -0.211          -1.000      +1.000           +0.431              -0.910              +0.001    -0.540          -0.026  +0.005  -0.672        -0.120        -0.537               +0.006  +0.011  -0.102
                         :     dphi_met_jetterm:  -0.285    -0.560  -0.584    -0.577  +0.031  +0.159  -0.033  -0.022          +0.017          -0.320          -0.093          -0.432      +0.431           +1.000              -0.019              +0.018    -0.280          +0.046  +0.019  -0.378        -0.095        -0.301               +0.015  +0.021  -0.065
                         :  dphi_phterm_jetterm:  -0.113    +0.234  +0.102    +0.102  +0.011  +0.655  +0.033  +0.073          -0.003          +0.504          +0.191          +0.910      -0.910           -0.019              +1.000              +0.008    +0.470          +0.051  +0.003  +0.571        +0.090        +0.457               +0.000  -0.003  +0.083
                         :  dphi_ph_centraljet1:  -0.013    -0.004  -0.009    -0.010  -0.017  +0.015  +0.006  +0.003          +0.999          +0.076          +0.034          -0.001      +0.001           +0.018              +0.008              +1.000    +0.004          -0.005  +0.004  +0.003        +0.070        +0.014               +1.000  +1.000  +0.049
                         :            metplusph:  +0.507    +0.679  +0.802    +0.800  +0.032  +0.780  +0.016  +0.091          -0.002          +0.840          +0.350          +0.540      -0.540           -0.280              +0.470              +0.004    +1.000          +0.084  +0.058  +0.974        +0.225        +0.857               +0.002  -0.001  +0.135
                         :      failJVT_jet_pt1:  -0.009    +0.103  +0.062    +0.086  +0.250  +0.072  +0.045  +0.032          -0.010          +0.063          +0.088          +0.027      -0.026           +0.046              +0.051              -0.005    +0.084          +1.000  +0.110  +0.080        +0.032        +0.102               -0.005  -0.006  +0.057
                         :              softerm:  +0.023    +0.018  +0.027    +0.027  -0.006  +0.065  +0.110  +0.032          +0.002          -0.047          +0.085          -0.006      +0.005           +0.019              +0.003              +0.004    +0.058          +0.110  +1.000  +0.029        +0.089        +0.011               +0.004  +0.005  +0.075
                         :              jetterm:  +0.428    +0.698  +0.773    +0.769  +0.019  +0.769  +0.020  +0.089          -0.003          +0.866          +0.337          +0.672      -0.672           -0.378              +0.571              +0.003    +0.974          +0.080  +0.029  +1.000        +0.210        +0.863               +0.000  -0.003  +0.125
                         :        n_jet_central:  -0.006    +0.321  +0.220    +0.218  -0.007  +0.135  +0.078  +0.069          +0.067          -0.008          +0.650          +0.120      -0.120           -0.095              +0.090              +0.070    +0.225          +0.032  +0.089  +0.210        +1.000        +0.384               +0.070  +0.066  +0.779
                         :        jetterm_sumet:  +0.259    +0.759  +0.701    +0.696  -0.004  +0.654  +0.001  +0.045          +0.008          +0.787          +0.529          +0.537      -0.537           -0.301              +0.457              +0.014    +0.857          +0.102  +0.011  +0.863        +0.384        +1.000               +0.011  +0.007  +0.276
                         : dphi_met_central_jet:  -0.011    -0.003  -0.007    -0.009  -0.017  +0.010  +0.007  +0.002          +0.999          +0.074          +0.033          -0.006      +0.006           +0.015              +0.000              +1.000    +0.002          -0.005  +0.004  +0.000        +0.070        +0.011               +1.000  +1.000  +0.049
                         :              balance:  -0.011    -0.007  -0.010    -0.012  -0.017  +0.009  +0.006  +0.003          +0.999          +0.067          +0.029          -0.011      +0.011           +0.021              -0.003              +1.000    -0.001          -0.006  +0.005  -0.003        +0.066        +0.007               +1.000  +1.000  +0.044
                         :              dphi_jj:  -0.069    +0.254  +0.133    +0.131  -0.010  +0.079  +0.052  +0.024          +0.046          -0.043          +0.680          +0.102      -0.102           -0.065              +0.083              +0.049    +0.135          +0.057  +0.075  +0.125        +0.779        +0.276               +0.049  +0.044  +1.000
                         : -----------------------------------------------------------------------------------------------------------------------------------------------------------------------------------------------------------------------------------------------------------------------------------------------------------------------------------------
DataSetFactory           : [dataset] :  
                         : 
Factory                  : [1mTrain all methods[0m
Factory                  : [dataset] : Create Transformation "I" with events from all classes.
                         : 
                         : Transformation, Variable selection : 
                         : Input : variable 'metsig' <---> Output : variable 'metsig'
                         : Input : variable 'metsigres' <---> Output : variable 'metsigres'
                         : Input : variable 'met' <---> Output : variable 'met'
                         : Input : variable 'met_noJVT' <---> Output : variable 'met_noJVT'
                         : Input : variable 'dmet' <---> Output : variable 'dmet'
                         : Input : variable 'ph_pt' <---> Output : variable 'ph_pt'
                         : Input : variable 'ph_eta' <---> Output : variable 'ph_eta'
                         : Input : variable 'ph_phi' <---> Output : variable 'ph_phi'
                         : Input : variable 'jet_central_eta' <---> Output : variable 'jet_central_eta'
                         : Input : variable 'jet_central_pt1' <---> Output : variable 'jet_central_pt1'
                         : Input : variable 'jet_central_pt2' <---> Output : variable 'jet_central_pt2'
                         : Input : variable 'dphi_met_phterm' <---> Output : variable 'dphi_met_phterm'
                         : Input : variable 'dphi_met_ph' <---> Output : variable 'dphi_met_ph'
                         : Input : variable 'dphi_met_jetterm' <---> Output : variable 'dphi_met_jetterm'
                         : Input : variable 'dphi_phterm_jetterm' <---> Output : variable 'dphi_phterm_jetterm'
                         : Input : variable 'dphi_ph_centraljet1' <---> Output : variable 'dphi_ph_centraljet1'
                         : Input : variable 'metplusph' <---> Output : variable 'metplusph'
                         : Input : variable 'failJVT_jet_pt1' <---> Output : variable 'failJVT_jet_pt1'
                         : Input : variable 'softerm' <---> Output : variable 'softerm'
                         : Input : variable 'jetterm' <---> Output : variable 'jetterm'
                         : Input : variable 'n_jet_central' <---> Output : variable 'n_jet_central'
                         : Input : variable 'jetterm_sumet' <---> Output : variable 'jetterm_sumet'
                         : Input : variable 'dphi_met_central_jet' <---> Output : variable 'dphi_met_central_jet'
                         : Input : variable 'balance' <---> Output : variable 'balance'
                         : Input : variable 'dphi_jj' <---> Output : variable 'dphi_jj'
Factory                  : [dataset] : Create Transformation "D" with events from all classes.
                         : 
                         : Transformation, Variable selection : 
                         : Input : variable 'metsig' <---> Output : variable 'metsig'
                         : Input : variable 'metsigres' <---> Output : variable 'metsigres'
                         : Input : variable 'met' <---> Output : variable 'met'
                         : Input : variable 'met_noJVT' <---> Output : variable 'met_noJVT'
                         : Input : variable 'dmet' <---> Output : variable 'dmet'
                         : Input : variable 'ph_pt' <---> Output : variable 'ph_pt'
                         : Input : variable 'ph_eta' <---> Output : variable 'ph_eta'
                         : Input : variable 'ph_phi' <---> Output : variable 'ph_phi'
                         : Input : variable 'jet_central_eta' <---> Output : variable 'jet_central_eta'
                         : Input : variable 'jet_central_pt1' <---> Output : variable 'jet_central_pt1'
                         : Input : variable 'jet_central_pt2' <---> Output : variable 'jet_central_pt2'
                         : Input : variable 'dphi_met_phterm' <---> Output : variable 'dphi_met_phterm'
                         : Input : variable 'dphi_met_ph' <---> Output : variable 'dphi_met_ph'
                         : Input : variable 'dphi_met_jetterm' <---> Output : variable 'dphi_met_jetterm'
                         : Input : variable 'dphi_phterm_jetterm' <---> Output : variable 'dphi_phterm_jetterm'
                         : Input : variable 'dphi_ph_centraljet1' <---> Output : variable 'dphi_ph_centraljet1'
                         : Input : variable 'metplusph' <---> Output : variable 'metplusph'
                         : Input : variable 'failJVT_jet_pt1' <---> Output : variable 'failJVT_jet_pt1'
                         : Input : variable 'softerm' <---> Output : variable 'softerm'
                         : Input : variable 'jetterm' <---> Output : variable 'jetterm'
                         : Input : variable 'n_jet_central' <---> Output : variable 'n_jet_central'
                         : Input : variable 'jetterm_sumet' <---> Output : variable 'jetterm_sumet'
                         : Input : variable 'dphi_met_central_jet' <---> Output : variable 'dphi_met_central_jet'
                         : Input : variable 'balance' <---> Output : variable 'balance'
                         : Input : variable 'dphi_jj' <---> Output : variable 'dphi_jj'
Factory                  : [dataset] : Create Transformation "P" with events from all classes.
                         : 
                         : Transformation, Variable selection : 
                         : Input : variable 'metsig' <---> Output : variable 'metsig'
                         : Input : variable 'metsigres' <---> Output : variable 'metsigres'
                         : Input : variable 'met' <---> Output : variable 'met'
                         : Input : variable 'met_noJVT' <---> Output : variable 'met_noJVT'
                         : Input : variable 'dmet' <---> Output : variable 'dmet'
                         : Input : variable 'ph_pt' <---> Output : variable 'ph_pt'
                         : Input : variable 'ph_eta' <---> Output : variable 'ph_eta'
                         : Input : variable 'ph_phi' <---> Output : variable 'ph_phi'
                         : Input : variable 'jet_central_eta' <---> Output : variable 'jet_central_eta'
                         : Input : variable 'jet_central_pt1' <---> Output : variable 'jet_central_pt1'
                         : Input : variable 'jet_central_pt2' <---> Output : variable 'jet_central_pt2'
                         : Input : variable 'dphi_met_phterm' <---> Output : variable 'dphi_met_phterm'
                         : Input : variable 'dphi_met_ph' <---> Output : variable 'dphi_met_ph'
                         : Input : variable 'dphi_met_jetterm' <---> Output : variable 'dphi_met_jetterm'
                         : Input : variable 'dphi_phterm_jetterm' <---> Output : variable 'dphi_phterm_jetterm'
                         : Input : variable 'dphi_ph_centraljet1' <---> Output : variable 'dphi_ph_centraljet1'
                         : Input : variable 'metplusph' <---> Output : variable 'metplusph'
                         : Input : variable 'failJVT_jet_pt1' <---> Output : variable 'failJVT_jet_pt1'
                         : Input : variable 'softerm' <---> Output : variable 'softerm'
                         : Input : variable 'jetterm' <---> Output : variable 'jetterm'
                         : Input : variable 'n_jet_central' <---> Output : variable 'n_jet_central'
                         : Input : variable 'jetterm_sumet' <---> Output : variable 'jetterm_sumet'
                         : Input : variable 'dphi_met_central_jet' <---> Output : variable 'dphi_met_central_jet'
                         : Input : variable 'balance' <---> Output : variable 'balance'
                         : Input : variable 'dphi_jj' <---> Output : variable 'dphi_jj'
Factory                  : [dataset] : Create Transformation "G" with events from all classes.
                         : 
                         : Transformation, Variable selection : 
                         : Input : variable 'metsig' <---> Output : variable 'metsig'
                         : Input : variable 'metsigres' <---> Output : variable 'metsigres'
                         : Input : variable 'met' <---> Output : variable 'met'
                         : Input : variable 'met_noJVT' <---> Output : variable 'met_noJVT'
                         : Input : variable 'dmet' <---> Output : variable 'dmet'
                         : Input : variable 'ph_pt' <---> Output : variable 'ph_pt'
                         : Input : variable 'ph_eta' <---> Output : variable 'ph_eta'
                         : Input : variable 'ph_phi' <---> Output : variable 'ph_phi'
                         : Input : variable 'jet_central_eta' <---> Output : variable 'jet_central_eta'
                         : Input : variable 'jet_central_pt1' <---> Output : variable 'jet_central_pt1'
                         : Input : variable 'jet_central_pt2' <---> Output : variable 'jet_central_pt2'
                         : Input : variable 'dphi_met_phterm' <---> Output : variable 'dphi_met_phterm'
                         : Input : variable 'dphi_met_ph' <---> Output : variable 'dphi_met_ph'
                         : Input : variable 'dphi_met_jetterm' <---> Output : variable 'dphi_met_jetterm'
                         : Input : variable 'dphi_phterm_jetterm' <---> Output : variable 'dphi_phterm_jetterm'
                         : Input : variable 'dphi_ph_centraljet1' <---> Output : variable 'dphi_ph_centraljet1'
                         : Input : variable 'metplusph' <---> Output : variable 'metplusph'
                         : Input : variable 'failJVT_jet_pt1' <---> Output : variable 'failJVT_jet_pt1'
                         : Input : variable 'softerm' <---> Output : variable 'softerm'
                         : Input : variable 'jetterm' <---> Output : variable 'jetterm'
                         : Input : variable 'n_jet_central' <---> Output : variable 'n_jet_central'
                         : Input : variable 'jetterm_sumet' <---> Output : variable 'jetterm_sumet'
                         : Input : variable 'dphi_met_central_jet' <---> Output : variable 'dphi_met_central_jet'
                         : Input : variable 'balance' <---> Output : variable 'balance'
                         : Input : variable 'dphi_jj' <---> Output : variable 'dphi_jj'
TFHandler_Factory        :             Variable                    Mean                    RMS            [        Min                    Max ]
                         : -----------------------------------------------------------------------------------------------------------------------
                         :               metsig:                9.6427                1.8409   [                7.0008                15.999 ]
                         :            metsigres:                16180.                4131.3   [                10468.            1.3949e+06 ]
                         :                  met:            1.5737e+05                58867.   [            1.0000e+05            1.2120e+07 ]
                         :            met_noJVT:            1.5806e+05                59055.   [                82570.            1.2120e+07 ]
                         :                 dmet:                697.64                5747.4   [               -19984.                49772. ]
                         :                ph_pt:                94550.                53385.   [                50003.            3.7413e+06 ]
                         :               ph_eta:               0.78834               0.47769   [            3.3632e-05                1.7500 ]
                         :               ph_phi:             -0.067159                1.7895   [               -3.1412                3.1416 ]
                         :      jet_central_eta:              -0.69530                27.299   [               -999.00                2.4997 ]
                         :      jet_central_pt1:            1.8146e+05                91526.   [               -999.00            4.2989e+06 ]
                         :      jet_central_pt2:                38656.                40372.   [               -999.00            1.1880e+06 ]
                         :      dphi_met_phterm:                1.9250               0.32503   [                1.3501                3.0801 ]
                         :          dphi_met_ph:                1.2166               0.32499   [              0.061458                3.0105 ]
                         :     dphi_met_jetterm:               0.40918               0.13629   [              0.016950               0.69997 ]
                         :  dphi_phterm_jetterm:                2.3342               0.28477   [                1.3787                3.1416 ]
                         :  dphi_ph_centraljet1:                1.5842                27.338   [               -999.00                3.1415 ]
                         :            metplusph:            2.5191e+05                88065.   [            1.5130e+05            1.4647e+07 ]
                         :      failJVT_jet_pt1:                4250.8                11195.   [               -999.00                59790. ]
                         :              softerm:                9816.7                6311.5   [                0.0000            1.0222e+05 ]
                         :              jetterm:            2.1183e+05                93051.   [                78335.            4.3947e+06 ]
                         :        n_jet_central:                2.0460               0.92612   [                0.0000                4.0000 ]
                         :        jetterm_sumet:            2.4975e+05            1.1423e+05   [                80349.            4.4226e+06 ]
                         : dphi_met_central_jet:                1.9372                27.347   [               -999.00                3.1416 ]
                         :              balance:               0.43177                27.307   [               -999.00                19.834 ]
                         :              dphi_jj:               -322.98                467.97   [               -999.00                2.4998 ]
                         : -----------------------------------------------------------------------------------------------------------------------
                         : [32m
                         : <PlotVariables> Will not produce scatter plots ==> 
                         : |  The number of 25 input variables and 0 target values would require 300 two-dimensional
                         : |  histograms, which would occupy the computer's memory. Note that this
                         : |  suppression does not have any consequences for your analysis, other
                         : |  than not disposing of these scatter plots. You can modify the maximum
                         : |  number of input variables allowed to generate scatter plots in your
                         : |  script via the command line:
                         : |  "(TMVA::gConfig().GetVariablePlotting()).fMaxNumOfAllowedVariablesForScatterPlots = <some int>;"[0m
                         : 
                         : Some more output
                         : Preparing the Decorrelation transformation...
<WARNING>                : <GetSQRootMatrix> error in matrix diagonalization; printed S and B
<WARNING>                : <GetSQRootMatrix> error in matrix diagonalization; printed S and B
<WARNING>                : <GetSQRootMatrix> error in matrix diagonalization; printed S and B
<WARNING>                : <GetSQRootMatrix> error in matrix diagonalization; printed S and B
<WARNING>                : <GetSQRootMatrix> error in matrix diagonalization; printed S and B
<WARNING>                : <GetSQRootMatrix> error in matrix diagonalization; printed S and B
<WARNING>                : <GetSQRootMatrix> error in matrix diagonalization; printed S and B
<WARNING>                : <GetSQRootMatrix> error in matrix diagonalization; printed S and B
